1	0.0000000000	0.0674738809
2	0.0000022432	0.0369361863
3	0.0000026688	0.0207211394
4	0.0000026859	0.0182248093
5	0.0000025594	0.0161443464
6	0.0000023930	0.0124888401
7	0.0000022280	0.0089766756
8	0.0000020833	0.0064357221
9	0.0000019652	0.0048261080
10	0.0000018719	0.0038580168
11	0.0000017982	0.0032778226
12	0.0000017386	0.0029052903
13	0.0000016890	0.0026297076
14	0.0000016463	0.0023988197
15	0.0000016086	0.0021951119
16	0.0000015748	0.0020147108
17	0.0000015440	0.0018564541
18	0.0000015159	0.0017185193
19	0.0000014900	0.0015982104
20	0.0000014659	0.0014926663
21	0.0000014435	0.0013993073
22	0.0000014225	0.0013160491
23	0.0000014028	0.0012412837
24	0.0000013843	0.0011737627
25	0.0000013667	0.0011125023
26	0.0000013501	0.0010567129
27	0.0000013343	0.0010057059
28	0.0000013193	0.0009589191
29	0.0000013049	0.0009158701
30	0.0000012912	0.0008761421
31	0.0000012781	0.0008393695
32	0.0000012655	0.0008052480
33	0.0000012534	0.0007735169
34	0.0000012417	0.0007439334
35	0.0000012305	0.0007162960
36	0.0000012197	0.0006904266
37	0.0000012093	0.0006661658
38	0.0000011992	0.0006433722
39	0.0000011894	0.0006219203
40	0.0000011799	0.0006017025
41	0.0000011708	0.0005826160
42	0.0000011619	0.0005645721
43	0.0000011533	0.0005474904
44	0.0000011449	0.0005313024
45	0.0000011367	0.0005159382
46	0.0000011288	0.0005013368
47	0.0000011211	0.0004874523
48	0.0000011136	0.0004742322
49	0.0000011063	0.0004616279
50	0.0000010991	0.0004496013
51	0.0000010921	0.0004381177
52	0.0000010853	0.0004271383
53	0.0000010787	0.0004166338
54	0.0000010722	0.0004065754
55	0.0000010658	0.0003969379
56	0.0000010596	0.0003876907
57	0.0000010535	0.0003788185
58	0.0000010476	0.0003702927
59	0.0000010417	0.0003621014
60	0.0000010360	0.0003542246
61	0.0000010304	0.0003466418
62	0.0000010250	0.0003393411
63	0.0000010196	0.0003323037
64	0.0000010143	0.0003255190
65	0.0000010091	0.0003189730
66	0.0000010040	0.0003126540
67	0.0000009990	0.0003065517
68	0.0000009941	0.0003006565
69	0.0000009893	0.0002949563
70	0.0000009846	0.0002894423
71	0.0000009799	0.0002841066
72	0.0000009753	0.0002789404
73	0.0000009708	0.0002739374
74	0.0000009664	0.0002690887
75	0.0000009620	0.0002643881
76	0.0000009577	0.0002598309
77	0.0000009535	0.0002554073
78	0.0000009493	0.0002511138
79	0.0000009452	0.0002469466
80	0.0000009412	0.0002428986
81	0.0000009372	0.0002389648
82	0.0000009333	0.0002351419
83	0.0000009294	0.0002314243
84	0.0000009256	0.0002278094
85	0.0000009219	0.0002242897
86	0.0000009182	0.0002208663
87	0.0000009145	0.0002175309
88	0.0000009109	0.0002142838
89	0.0000009074	0.0002111210
90	0.0000009039	0.0002080380
91	0.0000009004	0.0002050331
92	0.0000008970	0.0002021032
93	0.0000008936	0.0001992467
94	0.0000008903	0.0001964591
95	0.0000008870	0.0001937388
96	0.0000008837	0.0001910838
97	0.0000008805	0.0001884911
98	0.0000008773	0.0001859598
99	0.0000008742	0.0001834880
100	0.0000008711	0.0001810726
101	0.0000008680	0.0001787109
102	0.0000008650	0.0001764039
103	0.0000008620	0.0001741484
104	0.0000008590	0.0001719425
105	0.0000008561	0.0001697848
106	0.0000008532	0.0001676744
107	0.0000008503	0.0001656090
108	0.0000008475	0.0001635875
109	0.0000008447	0.0001616090
110	0.0000008419	0.0001596714
111	0.0000008392	0.0001577745
112	0.0000008365	0.0001559166
113	0.0000008338	0.0001540962
114	0.0000008311	0.0001523131
115	0.0000008285	0.0001505656
116	0.0000008259	0.0001488530
117	0.0000008233	0.0001471731
118	0.0000008207	0.0001455267
119	0.0000008182	0.0001439129
120	0.0000008157	0.0001423297
121	0.0000008132	0.0001407763
122	0.0000008108	0.0001392521
123	0.0000008083	0.0001377564
124	0.0000008059	0.0001362892
125	0.0000008035	0.0001348493
126	0.0000008012	0.0001334345
127	0.0000007988	0.0001320459
128	0.0000007965	0.0001306828
129	0.0000007942	0.0001293445
130	0.0000007919	0.0001280299
131	0.0000007896	0.0001267378
132	0.0000007874	0.0001254684
133	0.0000007852	0.0001242212
134	0.0000007829	0.0001229948
135	0.0000007808	0.0001217904
136	0.0000007786	0.0001206060
137	0.0000007764	0.0001194418
138	0.0000007743	0.0001182971
139	0.0000007722	0.0001171713
140	0.0000007701	0.0001160640
141	0.0000007680	0.0001149753
142	0.0000007659	0.0001139040
143	0.0000007639	0.0001128495
144	0.0000007619	0.0001118128
145	0.0000007598	0.0001107918
146	0.0000007578	0.0001097871
147	0.0000007559	0.0001087991
148	0.0000007539	0.0001078263
149	0.0000007519	0.0001068680
150	0.0000007500	0.0001059254
151	0.0000007481	0.0001049973
152	0.0000007462	0.0001040821
153	0.0000007443	0.0001031810
154	0.0000007424	0.0001022938
155	0.0000007405	0.0001014201
156	0.0000007387	0.0001005592
157	0.0000007368	0.0000997111
158	0.0000007350	0.0000988757
159	0.0000007332	0.0000980521
160	0.0000007314	0.0000972406
161	0.0000007296	0.0000964407
162	0.0000007278	0.0000956520
163	0.0000007260	0.0000948751
164	0.0000007243	0.0000941090
165	0.0000007225	0.0000933534
166	0.0000007208	0.0000926083
167	0.0000007191	0.0000918746
168	0.0000007174	0.0000911497
169	0.0000007157	0.0000904352
170	0.0000007140	0.0000897305
171	0.0000007123	0.0000890356
172	0.0000007107	0.0000883493
173	0.0000007090	0.0000876734
174	0.0000007074	0.0000870061
175	0.0000007057	0.0000863478
176	0.0000007041	0.0000856980
177	0.0000007025	0.0000850561
178	0.0000007009	0.0000844230
179	0.0000006993	0.0000837983
180	0.0000006978	0.0000831819
181	0.0000006962	0.0000825728
182	0.0000006946	0.0000819718
183	0.0000006931	0.0000813781
184	0.0000006915	0.0000807931
185	0.0000006900	0.0000802146
186	0.0000006885	0.0000796432
187	0.0000006870	0.0000790793
188	0.0000006855	0.0000785223
189	0.0000006840	0.0000779723
190	0.0000006825	0.0000774287
191	0.0000006810	0.0000768913
192	0.0000006795	0.0000763612
193	0.0000006781	0.0000758372
194	0.0000006766	0.0000753198
195	0.0000006752	0.0000748089
196	0.0000006737	0.0000743030
197	0.0000006723	0.0000738034
198	0.0000006709	0.0000733099
199	0.0000006695	0.0000728218
200	0.0000006681	0.0000723399
201	0.0000006667	0.0000718638
202	0.0000006653	0.0000713936
203	0.0000006639	0.0000709272
204	0.0000006625	0.0000704670
205	0.0000006612	0.0000700121
206	0.0000006598	0.0000695623
207	0.0000006585	0.0000691178
208	0.0000006571	0.0000686785
209	0.0000006558	0.0000682433
210	0.0000006545	0.0000678129
211	0.0000006531	0.0000673879
212	0.0000006518	0.0000669679
213	0.0000006505	0.0000665517
214	0.0000006492	0.0000661404
215	0.0000006479	0.0000657337
216	0.0000006466	0.0000653312
217	0.0000006453	0.0000649333
218	0.0000006441	0.0000645391
219	0.0000006428	0.0000641497
220	0.0000006415	0.0000637642
221	0.0000006403	0.0000633826
222	0.0000006390	0.0000630051
223	0.0000006378	0.0000626321
224	0.0000006365	0.0000622628
225	0.0000006353	0.0000618971
226	0.0000006341	0.0000615350
227	0.0000006329	0.0000611764
228	0.0000006316	0.0000608225
229	0.0000006304	0.0000604712
230	0.0000006292	0.0000601239
231	0.0000006280	0.0000597802
232	0.0000006268	0.0000594401
233	0.0000006257	0.0000591032
234	0.0000006245	0.0000587699
235	0.0000006233	0.0000584398
236	0.0000006221	0.0000581131
237	0.0000006210	0.0000577893
238	0.0000006198	0.0000574691
239	0.0000006187	0.0000571516
240	0.0000006175	0.0000568374
241	0.0000006164	0.0000565262
242	0.0000006152	0.0000562177
243	0.0000006141	0.0000559127
244	0.0000006130	0.0000556106
245	0.0000006118	0.0000553110
246	0.0000006107	0.0000550150
247	0.0000006096	0.0000547214
248	0.0000006085	0.0000544306
249	0.0000006074	0.0000541424
250	0.0000006063	0.0000538574
251	0.0000006052	0.0000535742
252	0.0000006041	0.0000532941
253	0.0000006030	0.0000530168
254	0.0000006020	0.0000527417
255	0.0000006009	0.0000524691
256	0.0000005998	0.0000521993
257	0.0000005987	0.0000519319
258	0.0000005977	0.0000516668
259	0.0000005966	0.0000514044
260	0.0000005956	0.0000511445
261	0.0000005945	0.0000508867
262	0.0000005935	0.0000506315
263	0.0000005924	0.0000503783
264	0.0000005914	0.0000501268
265	0.0000005904	0.0000498782
266	0.0000005893	0.0000496318
267	0.0000005883	0.0000493872
268	0.0000005873	0.0000491450
269	0.0000005863	0.0000489051
270	0.0000005853	0.0000486673
271	0.0000005843	0.0000484312
272	0.0000005833	0.0000481970
273	0.0000005823	0.0000479652
274	0.0000005813	0.0000477353
275	0.0000005803	0.0000475073
276	0.0000005793	0.0000472815
277	0.0000005783	0.0000470571
278	0.0000005773	0.0000468343
279	0.0000005764	0.0000466147
280	0.0000005754	0.0000463968
281	0.0000005744	0.0000461805
282	0.0000005735	0.0000459653
283	0.0000005725	0.0000457523
284	0.0000005715	0.0000455407
285	0.0000005706	0.0000453313
286	0.0000005696	0.0000451233
287	0.0000005687	0.0000449177
288	0.0000005677	0.0000447131
289	0.0000005668	0.0000445104
290	0.0000005659	0.0000443090
291	0.0000005649	0.0000441097
292	0.0000005640	0.0000439122
293	0.0000005631	0.0000437165
294	0.0000005622	0.0000435216
295	0.0000005612	0.0000433288
296	0.0000005603	0.0000431373
297	0.0000005594	0.0000429467
298	0.0000005585	0.0000427587
299	0.0000005576	0.0000425713
300	0.0000005567	0.0000423858
301	0.0000005558	0.0000422015
302	0.0000005549	0.0000420188
303	0.0000005540	0.0000418377
304	0.0000005531	0.0000416578
305	0.0000005522	0.0000414791
306	0.0000005513	0.0000413025
307	0.0000005505	0.0000411270
308	0.0000005496	0.0000409526
309	0.0000005487	0.0000407796
310	0.0000005478	0.0000406076
311	0.0000005470	0.0000404370
312	0.0000005461	0.0000402679
313	0.0000005452	0.0000401000
314	0.0000005444	0.0000399338
315	0.0000005435	0.0000397686
316	0.0000005427	0.0000396043
317	0.0000005418	0.0000394415
318	0.0000005410	0.0000392794
319	0.0000005401	0.0000391190
320	0.0000005393	0.0000389598
321	0.0000005384	0.0000388016
322	0.0000005376	0.0000386450
323	0.0000005368	0.0000384889
324	0.0000005359	0.0000383341
325	0.0000005351	0.0000381803
326	0.0000005343	0.0000380279
327	0.0000005334	0.0000378769
328	0.0000005326	0.0000377269
329	0.0000005318	0.0000375775
330	0.0000005310	0.0000374294
331	0.0000005302	0.0000372822
332	0.0000005294	0.0000371361
333	0.0000005285	0.0000369912
334	0.0000005277	0.0000368470
335	0.0000005269	0.0000367038
336	0.0000005261	0.0000365623
337	0.0000005253	0.0000364211
338	0.0000005245	0.0000362813
339	0.0000005237	0.0000361426
340	0.0000005230	0.0000360041
341	0.0000005222	0.0000358670
342	0.0000005214	0.0000357308
343	0.0000005206	0.0000355958
344	0.0000005198	0.0000354613
345	0.0000005190	0.0000353275
346	0.0000005183	0.0000351953
347	0.0000005175	0.0000350637
348	0.0000005167	0.0000349330
349	0.0000005159	0.0000348033
350	0.0000005152	0.0000346743
351	0.0000005144	0.0000345464
352	0.0000005136	0.0000344189
353	0.0000005129	0.0000342926
354	0.0000005121	0.0000341672
355	0.0000005114	0.0000340428
356	0.0000005106	0.0000339188
357	0.0000005099	0.0000337957
358	0.0000005091	0.0000336733
359	0.0000005084	0.0000335519
360	0.0000005076	0.0000334310
361	0.0000005069	0.0000333113
362	0.0000005061	0.0000331925
363	0.0000005054	0.0000330740
364	0.0000005046	0.0000329565
365	0.0000005039	0.0000328396
366	0.0000005032	0.0000327237
367	0.0000005024	0.0000326081
368	0.0000005017	0.0000324936
369	0.0000005010	0.0000323797
370	0.0000005003	0.0000322667
371	0.0000004995	0.0000321545
372	0.0000004988	0.0000320428
373	0.0000004981	0.0000319317
374	0.0000004974	0.0000318212
375	0.0000004967	0.0000317116
376	0.0000004960	0.0000316028
377	0.0000004952	0.0000314946
378	0.0000004945	0.0000313867
379	0.0000004938	0.0000312792
380	0.0000004931	0.0000311727
381	0.0000004924	0.0000310673
382	0.0000004917	0.0000309628
383	0.0000004910	0.0000308584
384	0.0000004903	0.0000307548
385	0.0000004896	0.0000306518
386	0.0000004889	0.0000305494
387	0.0000004882	0.0000304474
388	0.0000004875	0.0000303460
389	0.0000004868	0.0000302452
390	0.0000004862	0.0000301456
391	0.0000004855	0.0000300460
392	0.0000004848	0.0000299470
393	0.0000004841	0.0000298487
394	0.0000004834	0.0000297510
395	0.0000004828	0.0000296542
396	0.0000004821	0.0000295577
397	0.0000004814	0.0000294617
398	0.0000004807	0.0000293663
399	0.0000004801	0.0000292709
400	0.0000004794	0.0000291772
401	0.0000004787	0.0000290838
402	0.0000004780	0.0000289904
403	0.0000004774	0.0000288977
404	0.0000004767	0.0000288055
405	0.0000004761	0.0000287138
406	0.0000004754	0.0000286229
407	0.0000004747	0.0000285321
408	0.0000004741	0.0000284422
409	0.0000004734	0.0000283526
410	0.0000004728	0.0000282632
411	0.0000004721	0.0000281748
412	0.0000004715	0.0000280869
413	0.0000004708	0.0000279994
414	0.0000004702	0.0000279124
415	0.0000004695	0.0000278257
416	0.0000004689	0.0000277399
417	0.0000004682	0.0000276543
418	0.0000004676	0.0000275693
419	0.0000004670	0.0000274846
420	0.0000004663	0.0000274000
421	0.0000004657	0.0000273163
422	0.0000004651	0.0000272328
423	0.0000004644	0.0000271501
424	0.0000004638	0.0000270678
425	0.0000004632	0.0000269860
426	0.0000004625	0.0000269045
427	0.0000004619	0.0000268236
428	0.0000004613	0.0000267430
429	0.0000004607	0.0000266629
430	0.0000004600	0.0000265824
431	0.0000004594	0.0000265033
432	0.0000004588	0.0000264245
433	0.0000004582	0.0000263458
434	0.0000004576	0.0000262682
435	0.0000004569	0.0000261903
436	0.0000004563	0.0000261131
437	0.0000004557	0.0000260362
438	0.0000004551	0.0000259600
439	0.0000004545	0.0000258841
440	0.0000004539	0.0000258084
441	0.0000004533	0.0000257329
442	0.0000004527	0.0000256582
443	0.0000004521	0.0000255834
444	0.0000004515	0.0000255095
445	0.0000004509	0.0000254361
446	0.0000004503	0.0000253626
447	0.0000004497	0.0000252896
448	0.0000004491	0.0000252167
449	0.0000004485	0.0000251447
450	0.0000004479	0.0000250726
451	0.0000004473	0.0000250011
452	0.0000004467	0.0000249298
453	0.0000004461	0.0000248593
454	0.0000004455	0.0000247888
455	0.0000004449	0.0000247187
456	0.0000004443	0.0000246487
457	0.0000004437	0.0000245796
458	0.0000004431	0.0000245107
459	0.0000004426	0.0000244418
460	0.0000004420	0.0000243735
461	0.0000004414	0.0000243058
462	0.0000004408	0.0000242377
463	0.0000004402	0.0000241706
464	0.0000004397	0.0000241035
465	0.0000004391	0.0000240369
466	0.0000004385	0.0000239704
467	0.0000004379	0.0000239042
468	0.0000004374	0.0000238384
469	0.0000004368	0.0000237730
470	0.0000004362	0.0000237081
471	0.0000004357	0.0000236432
472	0.0000004351	0.0000235787
473	0.0000004345	0.0000235146
474	0.0000004339	0.0000234505
475	0.0000004334	0.0000233873
476	0.0000004328	0.0000233239
477	0.0000004323	0.0000232609
478	0.0000004317	0.0000231984
479	0.0000004311	0.0000231360
480	0.0000004306	0.0000230735
481	0.0000004300	0.0000230117
482	0.0000004295	0.0000229502
483	0.0000004289	0.0000228890
484	0.0000004284	0.0000228282
485	0.0000004278	0.0000227678
486	0.0000004272	0.0000227071
487	0.0000004267	0.0000226467
488	0.0000004261	0.0000225873
489	0.0000004256	0.0000225275
490	0.0000004250	0.0000224686
491	0.0000004245	0.0000224099
492	0.0000004240	0.0000223506
493	0.0000004234	0.0000222920
494	0.0000004229	0.0000222339
495	0.0000004223	0.0000221759
496	0.0000004218	0.0000221182
497	0.0000004212	0.0000220610
498	0.0000004207	0.0000220041
499	0.0000004202	0.0000219470
500	0.0000004196	0.0000218902
501	0.0000004191	0.0000218337
502	0.0000004186	0.0000217776
503	0.0000004180	0.0000217212
504	0.0000004175	0.0000216656
505	0.0000004170	0.0000216106
506	0.0000004164	0.0000215555
507	0.0000004159	0.0000215006
508	0.0000004154	0.0000214459
509	0.0000004148	0.0000213916
510	0.0000004143	0.0000213371
511	0.0000004138	0.0000212829
512	0.0000004133	0.0000212294
513	0.0000004127	0.0000211759
514	0.0000004122	0.0000211225
515	0.0000004117	0.0000210693
516	0.0000004112	0.0000210166
517	0.0000004106	0.0000209642
518	0.0000004101	0.0000209116
519	0.0000004096	0.0000208591
520	0.0000004091	0.0000208072
521	0.0000004086	0.0000207557
522	0.0000004081	0.0000207042
523	0.0000004075	0.0000206530
524	0.0000004070	0.0000206018
525	0.0000004065	0.0000205511
526	0.0000004060	0.0000205005
527	0.0000004055	0.0000204496
528	0.0000004050	0.0000203994
529	0.0000004045	0.0000203491
530	0.0000004040	0.0000202997
531	0.0000004035	0.0000202500
532	0.0000004030	0.0000202008
533	0.0000004024	0.0000201518
534	0.0000004019	0.0000201024
535	0.0000004014	0.0000200537
536	0.0000004009	0.0000200052
537	0.0000004004	0.0000199570
538	0.0000003999	0.0000199085
539	0.0000003994	0.0000198605
540	0.0000003989	0.0000198128
541	0.0000003984	0.0000197651
542	0.0000003979	0.0000197176
543	0.0000003974	0.0000196704
544	0.0000003969	0.0000196232
545	0.0000003964	0.0000195765
546	0.0000003960	0.0000195298
547	0.0000003955	0.0000194833
548	0.0000003950	0.0000194370
549	0.0000003945	0.0000193910
550	0.0000003940	0.0000193447
551	0.0000003935	0.0000192990
552	0.0000003930	0.0000192535
553	0.0000003925	0.0000192083
554	0.0000003920	0.0000191631
555	0.0000003915	0.0000191182
556	0.0000003911	0.0000190732
557	0.0000003906	0.0000190283
558	0.0000003901	0.0000189837
559	0.0000003896	0.0000189392
560	0.0000003891	0.0000188951
561	0.0000003886	0.0000188511
562	0.0000003882	0.0000188073
563	0.0000003877	0.0000187636
564	0.0000003872	0.0000187201
565	0.0000003867	0.0000186769
566	0.0000003862	0.0000186338
567	0.0000003858	0.0000185909
568	0.0000003853	0.0000185478
569	0.0000003848	0.0000185052
570	0.0000003843	0.0000184627
571	0.0000003839	0.0000184202
572	0.0000003834	0.0000183783
573	0.0000003829	0.0000183364
574	0.0000003824	0.0000182943
575	0.0000003820	0.0000182525
576	0.0000003815	0.0000182107
577	0.0000003810	0.0000181693
578	0.0000003806	0.0000181279
579	0.0000003801	0.0000180869
580	0.0000003796	0.0000180461
581	0.0000003792	0.0000180054
582	0.0000003787	0.0000179648
583	0.0000003782	0.0000179242
584	0.0000003778	0.0000178841
585	0.0000003773	0.0000178438
586	0.0000003768	0.0000178037
587	0.0000003764	0.0000177637
588	0.0000003759	0.0000177239
589	0.0000003755	0.0000176842
590	0.0000003750	0.0000176447
591	0.0000003745	0.0000176054
592	0.0000003741	0.0000175664
593	0.0000003736	0.0000175272
594	0.0000003732	0.0000174883
595	0.0000003727	0.0000174494
596	0.0000003723	0.0000174108
597	0.0000003718	0.0000173723
598	0.0000003713	0.0000173340
599	0.0000003709	0.0000172959
600	0.0000003704	0.0000172578
601	0.0000003700	0.0000172197
602	0.0000003695	0.0000171820
603	0.0000003691	0.0000171444
604	0.0000003686	0.0000171066
605	0.0000003682	0.0000170691
606	0.0000003677	0.0000170318
607	0.0000003673	0.0000169950
608	0.0000003668	0.0000169579
609	0.0000003664	0.0000169208
610	0.0000003660	0.0000168842
611	0.0000003655	0.0000168475
612	0.0000003651	0.0000168109
613	0.0000003646	0.0000167745
614	0.0000003642	0.0000167381
615	0.0000003637	0.0000167022
616	0.0000003633	0.0000166663
617	0.0000003628	0.0000166305
618	0.0000003624	0.0000165948
619	0.0000003620	0.0000165591
620	0.0000003615	0.0000165236
621	0.0000003611	0.0000164882
622	0.0000003607	0.0000164530
623	0.0000003602	0.0000164179
624	0.0000003598	0.0000163827
625	0.0000003593	0.0000163478
626	0.0000003589	0.0000163127
627	0.0000003585	0.0000162784
628	0.0000003580	0.0000162438
629	0.0000003576	0.0000162093
630	0.0000003572	0.0000161751
631	0.0000003567	0.0000161408
632	0.0000003563	0.0000161069
633	0.0000003559	0.0000160728
634	0.0000003554	0.0000160389
635	0.0000003550	0.0000160052
636	0.0000003546	0.0000159715
637	0.0000003542	0.0000159380
638	0.0000003537	0.0000159046
639	0.0000003533	0.0000158713
640	0.0000003529	0.0000158383
641	0.0000003524	0.0000158051
642	0.0000003520	0.0000157718
643	0.0000003516	0.0000157392
644	0.0000003512	0.0000157063
645	0.0000003507	0.0000156736
646	0.0000003503	0.0000156412
647	0.0000003499	0.0000156088
648	0.0000003495	0.0000155763
649	0.0000003491	0.0000155443
650	0.0000003486	0.0000155119
651	0.0000003482	0.0000154799
652	0.0000003478	0.0000154484
653	0.0000003474	0.0000154167
654	0.0000003469	0.0000153849
655	0.0000003465	0.0000153531
656	0.0000003461	0.0000153217
657	0.0000003457	0.0000152902
658	0.0000003453	0.0000152588
659	0.0000003449	0.0000152277
660	0.0000003444	0.0000151966
661	0.0000003440	0.0000151656
662	0.0000003436	0.0000151349
663	0.0000003432	0.0000151039
664	0.0000003428	0.0000150732
665	0.0000003424	0.0000150426
666	0.0000003420	0.0000150120
667	0.0000003416	0.0000149816
668	0.0000003411	0.0000149515
669	0.0000003407	0.0000149215
670	0.0000003403	0.0000148911
671	0.0000003399	0.0000148612
672	0.0000003395	0.0000148312
673	0.0000003391	0.0000148015
674	0.0000003387	0.0000147718
675	0.0000003383	0.0000147420
676	0.0000003379	0.0000147124
677	0.0000003375	0.0000146831
678	0.0000003371	0.0000146535
679	0.0000003367	0.0000146244
680	0.0000003362	0.0000145952
681	0.0000003358	0.0000145661
682	0.0000003354	0.0000145371
683	0.0000003350	0.0000145083
684	0.0000003346	0.0000144795
685	0.0000003342	0.0000144507
686	0.0000003338	0.0000144219
687	0.0000003334	0.0000143933
688	0.0000003330	0.0000143650
689	0.0000003326	0.0000143368
690	0.0000003322	0.0000143083
691	0.0000003318	0.0000142804
692	0.0000003314	0.0000142522
693	0.0000003310	0.0000142240
694	0.0000003306	0.0000141961
695	0.0000003302	0.0000141682
696	0.0000003298	0.0000141404
697	0.0000003294	0.0000141128
698	0.0000003290	0.0000140851
699	0.0000003286	0.0000140578
700	0.0000003283	0.0000140303
701	0.0000003279	0.0000140031
702	0.0000003275	0.0000139757
703	0.0000003271	0.0000139486
704	0.0000003267	0.0000139214
705	0.0000003263	0.0000138946
706	0.0000003259	0.0000138675
707	0.0000003255	0.0000138406
708	0.0000003251	0.0000138138
709	0.0000003247	0.0000137871
710	0.0000003243	0.0000137604
711	0.0000003239	0.0000137338
712	0.0000003235	0.0000137074
713	0.0000003232	0.0000136812
714	0.0000003228	0.0000136547
715	0.0000003224	0.0000136285
716	0.0000003220	0.0000136026
717	0.0000003216	0.0000135764
718	0.0000003212	0.0000135506
719	0.0000003208	0.0000135244
720	0.0000003204	0.0000134986
721	0.0000003201	0.0000134730
722	0.0000003197	0.0000134470
723	0.0000003193	0.0000134215
724	0.0000003189	0.0000133960
725	0.0000003185	0.0000133707
726	0.0000003181	0.0000133454
727	0.0000003178	0.0000133199
728	0.0000003174	0.0000132946
729	0.0000003170	0.0000132695
730	0.0000003166	0.0000132444
731	0.0000003162	0.0000132192
732	0.0000003159	0.0000131946
733	0.0000003155	0.0000131697
734	0.0000003151	0.0000131450
735	0.0000003147	0.0000131202
736	0.0000003143	0.0000130955
737	0.0000003140	0.0000130709
738	0.0000003136	0.0000130464
739	0.0000003132	0.0000130221
740	0.0000003128	0.0000129975
741	0.0000003124	0.0000129732
742	0.0000003121	0.0000129493
743	0.0000003117	0.0000129250
744	0.0000003113	0.0000129011
745	0.0000003109	0.0000128771
746	0.0000003106	0.0000128531
747	0.0000003102	0.0000128292
748	0.0000003098	0.0000128055
749	0.0000003094	0.0000127816
750	0.0000003091	0.0000127580
751	0.0000003087	0.0000127341
752	0.0000003083	0.0000127106
753	0.0000003080	0.0000126875
754	0.0000003076	0.0000126641
755	0.0000003072	0.0000126407
756	0.0000003068	0.0000126175
757	0.0000003065	0.0000125942
758	0.0000003061	0.0000125714
759	0.0000003057	0.0000125485
760	0.0000003054	0.0000125253
761	0.0000003050	0.0000125023
762	0.0000003046	0.0000124793
763	0.0000003043	0.0000124565
764	0.0000003039	0.0000124338
765	0.0000003035	0.0000124111
766	0.0000003032	0.0000123885
767	0.0000003028	0.0000123660
768	0.0000003024	0.0000123435
769	0.0000003021	0.0000123211
770	0.0000003017	0.0000122986
771	0.0000003013	0.0000122763
772	0.0000003010	0.0000122542
773	0.0000003006	0.0000122321
774	0.0000003002	0.0000122101
775	0.0000002999	0.0000121880
776	0.0000002995	0.0000121660
777	0.0000002991	0.0000121441
778	0.0000002988	0.0000121222
779	0.0000002984	0.0000121003
780	0.0000002981	0.0000120787
781	0.0000002977	0.0000120569
782	0.0000002973	0.0000120352
783	0.0000002970	0.0000120138
784	0.0000002966	0.0000119925
785	0.0000002963	0.0000119711
786	0.0000002959	0.0000119495
787	0.0000002955	0.0000119281
788	0.0000002952	0.0000119069
789	0.0000002948	0.0000118857
790	0.0000002945	0.0000118645
791	0.0000002941	0.0000118435
792	0.0000002937	0.0000118225
793	0.0000002934	0.0000118016
794	0.0000002930	0.0000117806
795	0.0000002927	0.0000117598
796	0.0000002923	0.0000117389
797	0.0000002920	0.0000117182
798	0.0000002916	0.0000116977
799	0.0000002913	0.0000116770
800	0.0000002909	0.0000116563
801	0.0000002905	0.0000116358
802	0.0000002902	0.0000116155
803	0.0000002898	0.0000115953
804	0.0000002895	0.0000115747
805	0.0000002891	0.0000115544
806	0.0000002888	0.0000115341
807	0.0000002884	0.0000115140
808	0.0000002881	0.0000114940
809	0.0000002877	0.0000114740
810	0.0000002874	0.0000114540
811	0.0000002870	0.0000114341
812	0.0000002867	0.0000114140
813	0.0000002863	0.0000113942
814	0.0000002860	0.0000113742
815	0.0000002856	0.0000113544
816	0.0000002853	0.0000113349
817	0.0000002849	0.0000113152
818	0.0000002846	0.0000112956
819	0.0000002842	0.0000112760
820	0.0000002839	0.0000112566
821	0.0000002835	0.0000112374
822	0.0000002832	0.0000112181
823	0.0000002828	0.0000111987
824	0.0000002825	0.0000111794
825	0.0000002821	0.0000111600
826	0.0000002818	0.0000111409
827	0.0000002814	0.0000111217
828	0.0000002811	0.0000111029
829	0.0000002808	0.0000110837
830	0.0000002804	0.0000110649
831	0.0000002801	0.0000110458
832	0.0000002797	0.0000110271
833	0.0000002794	0.0000110083
834	0.0000002790	0.0000109895
835	0.0000002787	0.0000109705
836	0.0000002783	0.0000109519
837	0.0000002780	0.0000109334
838	0.0000002777	0.0000109150
839	0.0000002773	0.0000108966
840	0.0000002770	0.0000108781
841	0.0000002766	0.0000108595
842	0.0000002763	0.0000108410
843	0.0000002760	0.0000108226
844	0.0000002756	0.0000108045
845	0.0000002753	0.0000107864
846	0.0000002749	0.0000107683
847	0.0000002746	0.0000107502
848	0.0000002743	0.0000107320
849	0.0000002739	0.0000107141
850	0.0000002736	0.0000106960
851	0.0000002732	0.0000106781
852	0.0000002729	0.0000106601
853	0.0000002726	0.0000106423
854	0.0000002722	0.0000106244
855	0.0000002719	0.0000106067
856	0.0000002715	0.0000105889
857	0.0000002712	0.0000105714
858	0.0000002709	0.0000105539
859	0.0000002705	0.0000105364
860	0.0000002702	0.0000105188
861	0.0000002699	0.0000105012
862	0.0000002695	0.0000104836
863	0.0000002692	0.0000104663
864	0.0000002689	0.0000104488
865	0.0000002685	0.0000104318
866	0.0000002682	0.0000104146
867	0.0000002679	0.0000103975
868	0.0000002675	0.0000103802
869	0.0000002672	0.0000103632
870	0.0000002669	0.0000103461
871	0.0000002665	0.0000103290
872	0.0000002662	0.0000103119
873	0.0000002659	0.0000102949
874	0.0000002655	0.0000102782
875	0.0000002652	0.0000102612
876	0.0000002649	0.0000102445
877	0.0000002645	0.0000102277
878	0.0000002642	0.0000102110
879	0.0000002639	0.0000101943
880	0.0000002635	0.0000101778
881	0.0000002632	0.0000101613
882	0.0000002629	0.0000101444
883	0.0000002625	0.0000101279
884	0.0000002622	0.0000101113
885	0.0000002619	0.0000100950
886	0.0000002615	0.0000100786
887	0.0000002612	0.0000100623
888	0.0000002609	0.0000100460
889	0.0000002606	0.0000100296
890	0.0000002602	0.0000100134
891	0.0000002599	0.0000099973
892	0.0000002596	0.0000099813
893	0.0000002592	0.0000099652
894	0.0000002589	0.0000099490
895	0.0000002586	0.0000099330
896	0.0000002583	0.0000099170
897	0.0000002579	0.0000099010
898	0.0000002576	0.0000098853
899	0.0000002573	0.0000098694
900	0.0000002570	0.0000098535
901	0.0000002566	0.0000098376
902	0.0000002563	0.0000098219
903	0.0000002560	0.0000098061
904	0.0000002557	0.0000097907
905	0.0000002553	0.0000097752
906	0.0000002550	0.0000097595
907	0.0000002547	0.0000097438
908	0.0000002544	0.0000097283
909	0.0000002540	0.0000097128
910	0.0000002537	0.0000096974
911	0.0000002534	0.0000096822
912	0.0000002531	0.0000096667
913	0.0000002527	0.0000096514
914	0.0000002524	0.0000096361
915	0.0000002521	0.0000096208
916	0.0000002518	0.0000096055
917	0.0000002515	0.0000095903
918	0.0000002511	0.0000095753
919	0.0000002508	0.0000095602
920	0.0000002505	0.0000095452
921	0.0000002502	0.0000095302
922	0.0000002499	0.0000095150
923	0.0000002495	0.0000095001
924	0.0000002492	0.0000094853
925	0.0000002489	0.0000094704
926	0.0000002486	0.0000094554
927	0.0000002483	0.0000094408
928	0.0000002479	0.0000094259
929	0.0000002476	0.0000094113
930	0.0000002473	0.0000093966
931	0.0000002470	0.0000093821
932	0.0000002467	0.0000093673
933	0.0000002463	0.0000093527
934	0.0000002460	0.0000093381
935	0.0000002457	0.0000093235
936	0.0000002454	0.0000093089
937	0.0000002451	0.0000092944
938	0.0000002448	0.0000092801
939	0.0000002444	0.0000092658
940	0.0000002441	0.0000092517
941	0.0000002438	0.0000092373
942	0.0000002435	0.0000092228
943	0.0000002432	0.0000092086
944	0.0000002429	0.0000091943
945	0.0000002425	0.0000091804
946	0.0000002422	0.0000091660
947	0.0000002419	0.0000091521
948	0.0000002416	0.0000091379
949	0.0000002413	0.0000091239
950	0.0000002410	0.0000091099
951	0.0000002407	0.0000090959
952	0.0000002403	0.0000090820
953	0.0000002400	0.0000090681
954	0.0000002397	0.0000090541
955	0.0000002394	0.0000090402
956	0.0000002391	0.0000090265
957	0.0000002388	0.0000090128
958	0.0000002385	0.0000089991
959	0.0000002382	0.0000089853
960	0.0000002378	0.0000089716
961	0.0000002375	0.0000089579
962	0.0000002372	0.0000089442
963	0.0000002369	0.0000089306
964	0.0000002366	0.0000089170
965	0.0000002363	0.0000089035
966	0.0000002360	0.0000088901
967	0.0000002357	0.0000088767
968	0.0000002353	0.0000088632
969	0.0000002350	0.0000088498
970	0.0000002347	0.0000088364
971	0.0000002344	0.0000088232
972	0.0000002341	0.0000088098
973	0.0000002338	0.0000087965
974	0.0000002335	0.0000087832
975	0.0000002332	0.0000087700
976	0.0000002329	0.0000087569
977	0.0000002326	0.0000087439
978	0.0000002323	0.0000087307
979	0.0000002319	0.0000087176
980	0.0000002316	0.0000087044
981	0.0000002313	0.0000086914
982	0.0000002310	0.0000086783
983	0.0000002307	0.0000086653
984	0.0000002304	0.0000086523
985	0.0000002301	0.0000086395
986	0.0000002298	0.0000086266
987	0.0000002295	0.0000086137
988	0.0000002292	0.0000086010
989	0.0000002289	0.0000085882
990	0.0000002286	0.0000085755
991	0.0000002283	0.0000085626
992	0.0000002280	0.0000085499
993	0.0000002277	0.0000085371
994	0.0000002273	0.0000085245
995	0.0000002270	0.0000085118
996	0.0000002267	0.0000084993
997	0.0000002264	0.0000084868
998	0.0000002261	0.0000084743
999	0.0000002258	0.0000084617
1000	0.0000002255	0.0000084491
1001	0.0000002252	0.0000084366
1002	0.0000002249	0.0000084242
1003	0.0000002246	0.0000084119
1004	0.0000002243	0.0000083997
1005	0.0000002240	0.0000083872
1006	0.0000002237	0.0000083749
1007	0.0000002234	0.0000083625
1008	0.0000002231	0.0000083502
1009	0.0000002228	0.0000083381
1010	0.0000002225	0.0000083257
1011	0.0000002222	0.0000083137
1012	0.0000002219	0.0000083015
1013	0.0000002216	0.0000082893
1014	0.0000002213	0.0000082772
1015	0.0000002210	0.0000082650
1016	0.0000002207	0.0000082529
1017	0.0000002204	0.0000082411
1018	0.0000002201	0.0000082290
1019	0.0000002198	0.0000082172
1020	0.0000002195	0.0000082050
1021	0.0000002192	0.0000081931
1022	0.0000002189	0.0000081811
1023	0.0000002186	0.0000081693
1024	0.0000002183	0.0000081576
1025	0.0000002180	0.0000081456
1026	0.0000002177	0.0000081337
1027	0.0000002174	0.0000081221
1028	0.0000002171	0.0000081103
1029	0.0000002168	0.0000080984
1030	0.0000002165	0.0000080868
1031	0.0000002162	0.0000080752
1032	0.0000002159	0.0000080635
1033	0.0000002156	0.0000080520
1034	0.0000002153	0.0000080403
1035	0.0000002150	0.0000080287
1036	0.0000002147	0.0000080171
1037	0.0000002144	0.0000080057
1038	0.0000002141	0.0000079942
1039	0.0000002138	0.0000079826
1040	0.0000002135	0.0000079712
1041	0.0000002132	0.0000079597
1042	0.0000002129	0.0000079484
1043	0.0000002126	0.0000079370
1044	0.0000002123	0.0000079256
1045	0.0000002120	0.0000079144
1046	0.0000002117	0.0000079032
1047	0.0000002114	0.0000078920
1048	0.0000002112	0.0000078804
1049	0.0000002109	0.0000078691
1050	0.0000002106	0.0000078581
1051	0.0000002103	0.0000078467
1052	0.0000002100	0.0000078355
1053	0.0000002097	0.0000078244
1054	0.0000002094	0.0000078134
1055	0.0000002091	0.0000078022
1056	0.0000002088	0.0000077911
1057	0.0000002085	0.0000077799
1058	0.0000002082	0.0000077690
1059	0.0000002079	0.0000077580
1060	0.0000002076	0.0000077469
1061	0.0000002073	0.0000077359
1062	0.0000002070	0.0000077250
1063	0.0000002068	0.0000077141
1064	0.0000002065	0.0000077034
1065	0.0000002062	0.0000076925
1066	0.0000002059	0.0000076815
1067	0.0000002056	0.0000076706
1068	0.0000002053	0.0000076598
1069	0.0000002050	0.0000076492
1070	0.0000002047	0.0000076383
1071	0.0000002044	0.0000076276
1072	0.0000002041	0.0000076169
1073	0.0000002038	0.0000076061
1074	0.0000002036	0.0000075956
1075	0.0000002033	0.0000075847
1076	0.0000002030	0.0000075740
1077	0.0000002027	0.0000075634
1078	0.0000002024	0.0000075528
1079	0.0000002021	0.0000075422
1080	0.0000002018	0.0000075319
1081	0.0000002015	0.0000075213
1082	0.0000002012	0.0000075108
1083	0.0000002010	0.0000075002
1084	0.0000002007	0.0000074897
1085	0.0000002004	0.0000074794
1086	0.0000002001	0.0000074688
1087	0.0000001998	0.0000074583
1088	0.0000001995	0.0000074481
1089	0.0000001992	0.0000074376
1090	0.0000001989	0.0000074272
1091	0.0000001987	0.0000074170
1092	0.0000001984	0.0000074067
1093	0.0000001981	0.0000073963
1094	0.0000001978	0.0000073861
1095	0.0000001975	0.0000073757
1096	0.0000001972	0.0000073655
1097	0.0000001969	0.0000073552
1098	0.0000001967	0.0000073452
1099	0.0000001964	0.0000073350
1100	0.0000001961	0.0000073249
1101	0.0000001958	0.0000073148
1102	0.0000001955	0.0000073045
1103	0.0000001952	0.0000072945
1104	0.0000001949	0.0000072844
1105	0.0000001947	0.0000072744
1106	0.0000001944	0.0000072643
1107	0.0000001941	0.0000072542
1108	0.0000001938	0.0000072442
1109	0.0000001935	0.0000072344
1110	0.0000001932	0.0000072243
1111	0.0000001930	0.0000072145
1112	0.0000001927	0.0000072045
1113	0.0000001924	0.0000071946
1114	0.0000001921	0.0000071849
1115	0.0000001918	0.0000071748
1116	0.0000001915	0.0000071648
1117	0.0000001913	0.0000071551
1118	0.0000001910	0.0000071453
1119	0.0000001907	0.0000071354
1120	0.0000001904	0.0000071256
1121	0.0000001901	0.0000071158
1122	0.0000001899	0.0000071061
1123	0.0000001896	0.0000070965
1124	0.0000001893	0.0000070867
1125	0.0000001890	0.0000070769
1126	0.0000001887	0.0000070674
1127	0.0000001885	0.0000070576
1128	0.0000001882	0.0000070480
1129	0.0000001879	0.0000070384
1130	0.0000001876	0.0000070289
1131	0.0000001873	0.0000070192
1132	0.0000001871	0.0000070098
1133	0.0000001868	0.0000070003
1134	0.0000001865	0.0000069905
1135	0.0000001862	0.0000069810
1136	0.0000001859	0.0000069716
1137	0.0000001857	0.0000069621
1138	0.0000001854	0.0000069525
1139	0.0000001851	0.0000069431
1140	0.0000001848	0.0000069335
1141	0.0000001846	0.0000069244
1142	0.0000001843	0.0000069151
1143	0.0000001840	0.0000069058
1144	0.0000001837	0.0000068963
1145	0.0000001834	0.0000068869
1146	0.0000001832	0.0000068774
1147	0.0000001829	0.0000068682
1148	0.0000001826	0.0000068589
1149	0.0000001823	0.0000068497
1150	0.0000001821	0.0000068405
1151	0.0000001818	0.0000068314
1152	0.0000001815	0.0000068219
1153	0.0000001812	0.0000068126
1154	0.0000001810	0.0000068034
1155	0.0000001807	0.0000067943
1156	0.0000001804	0.0000067851
1157	0.0000001801	0.0000067758
1158	0.0000001799	0.0000067667
1159	0.0000001796	0.0000067575
1160	0.0000001793	0.0000067486
1161	0.0000001790	0.0000067395
1162	0.0000001788	0.0000067303
1163	0.0000001785	0.0000067214
1164	0.0000001782	0.0000067124
1165	0.0000001779	0.0000067033
1166	0.0000001777	0.0000066944
1167	0.0000001774	0.0000066852
1168	0.0000001771	0.0000066763
1169	0.0000001769	0.0000066673
1170	0.0000001766	0.0000066583
1171	0.0000001763	0.0000066495
1172	0.0000001760	0.0000066406
1173	0.0000001758	0.0000066316
1174	0.0000001755	0.0000066225
1175	0.0000001752	0.0000066138
1176	0.0000001750	0.0000066049
1177	0.0000001747	0.0000065961
1178	0.0000001744	0.0000065873
1179	0.0000001741	0.0000065786
1180	0.0000001739	0.0000065697
1181	0.0000001736	0.0000065608
1182	0.0000001733	0.0000065521
1183	0.0000001731	0.0000065433
1184	0.0000001728	0.0000065345
1185	0.0000001725	0.0000065258
1186	0.0000001723	0.0000065171
1187	0.0000001720	0.0000065086
1188	0.0000001717	0.0000064997
1189	0.0000001715	0.0000064911
1190	0.0000001712	0.0000064824
1191	0.0000001709	0.0000064737
1192	0.0000001706	0.0000064653
1193	0.0000001704	0.0000064567
1194	0.0000001701	0.0000064480
1195	0.0000001698	0.0000064393
1196	0.0000001696	0.0000064307
1197	0.0000001693	0.0000064222
1198	0.0000001690	0.0000064137
1199	0.0000001688	0.0000064050
1200	0.0000001685	0.0000063966
1201	0.0000001682	0.0000063881
1202	0.0000001680	0.0000063797
1203	0.0000001677	0.0000063713
1204	0.0000001674	0.0000063628
1205	0.0000001672	0.0000063543
1206	0.0000001669	0.0000063458
1207	0.0000001667	0.0000063373
1208	0.0000001664	0.0000063289
1209	0.0000001661	0.0000063206
1210	0.0000001659	0.0000063122
1211	0.0000001656	0.0000063040
1212	0.0000001653	0.0000062956
1213	0.0000001651	0.0000062871
1214	0.0000001648	0.0000062787
1215	0.0000001645	0.0000062703
1216	0.0000001643	0.0000062620
1217	0.0000001640	0.0000062537
1218	0.0000001638	0.0000062457
1219	0.0000001635	0.0000062375
1220	0.0000001632	0.0000062290
1221	0.0000001630	0.0000062208
1222	0.0000001627	0.0000062127
1223	0.0000001624	0.0000062043
1224	0.0000001622	0.0000061961
1225	0.0000001619	0.0000061881
1226	0.0000001617	0.0000061799
1227	0.0000001614	0.0000061717
1228	0.0000001611	0.0000061635
1229	0.0000001609	0.0000061554
1230	0.0000001606	0.0000061473
1231	0.0000001604	0.0000061390
1232	0.0000001601	0.0000061309
1233	0.0000001598	0.0000061228
1234	0.0000001596	0.0000061149
1235	0.0000001593	0.0000061067
1236	0.0000001591	0.0000060988
1237	0.0000001588	0.0000060907
1238	0.0000001585	0.0000060826
1239	0.0000001583	0.0000060747
1240	0.0000001580	0.0000060667
1241	0.0000001578	0.0000060585
1242	0.0000001575	0.0000060506
1243	0.0000001572	0.0000060426
1244	0.0000001570	0.0000060348
1245	0.0000001567	0.0000060268
1246	0.0000001565	0.0000060189
1247	0.0000001562	0.0000060110
1248	0.0000001560	0.0000060030
1249	0.0000001557	0.0000059952
1250	0.0000001554	0.0000059874
1251	0.0000001552	0.0000059795
1252	0.0000001549	0.0000059716
1253	0.0000001547	0.0000059637
1254	0.0000001544	0.0000059558
1255	0.0000001542	0.0000059481
1256	0.0000001539	0.0000059401
1257	0.0000001537	0.0000059323
1258	0.0000001534	0.0000059246
1259	0.0000001531	0.0000059169
1260	0.0000001529	0.0000059090
1261	0.0000001526	0.0000059012
1262	0.0000001524	0.0000058936
1263	0.0000001521	0.0000058858
1264	0.0000001519	0.0000058781
1265	0.0000001516	0.0000058703
1266	0.0000001514	0.0000058628
1267	0.0000001511	0.0000058551
1268	0.0000001509	0.0000058472
1269	0.0000001506	0.0000058396
1270	0.0000001504	0.0000058320
1271	0.0000001501	0.0000058242
1272	0.0000001499	0.0000058167
1273	0.0000001496	0.0000058090
1274	0.0000001494	0.0000058015
1275	0.0000001491	0.0000057939
1276	0.0000001488	0.0000057863
1277	0.0000001486	0.0000057787
1278	0.0000001483	0.0000057711
1279	0.0000001481	0.0000057635
1280	0.0000001478	0.0000057560
1281	0.0000001476	0.0000057484
1282	0.0000001473	0.0000057408
1283	0.0000001471	0.0000057334
1284	0.0000001468	0.0000057260
1285	0.0000001466	0.0000057184
1286	0.0000001463	0.0000057109
1287	0.0000001461	0.0000057033
1288	0.0000001459	0.0000056959
1289	0.0000001456	0.0000056883
1290	0.0000001454	0.0000056809
1291	0.0000001451	0.0000056735
1292	0.0000001449	0.0000056662
1293	0.0000001446	0.0000056588
1294	0.0000001444	0.0000056513
1295	0.0000001441	0.0000056440
1296	0.0000001439	0.0000056366
1297	0.0000001436	0.0000056292
1298	0.0000001434	0.0000056218
1299	0.0000001431	0.0000056146
1300	0.0000001429	0.0000056072
1301	0.0000001426	0.0000055997
1302	0.0000001424	0.0000055925
1303	0.0000001421	0.0000055853
1304	0.0000001419	0.0000055779
1305	0.0000001417	0.0000055705
1306	0.0000001414	0.0000055632
1307	0.0000001412	0.0000055559
1308	0.0000001409	0.0000055488
1309	0.0000001407	0.0000055416
1310	0.0000001404	0.0000055344
1311	0.0000001402	0.0000055271
1312	0.0000001399	0.0000055198
1313	0.0000001397	0.0000055125
1314	0.0000001395	0.0000055054
1315	0.0000001392	0.0000054983
1316	0.0000001390	0.0000054908
1317	0.0000001387	0.0000054837
1318	0.0000001385	0.0000054766
1319	0.0000001382	0.0000054694
1320	0.0000001380	0.0000054623
1321	0.0000001378	0.0000054553
1322	0.0000001375	0.0000054482
1323	0.0000001373	0.0000054409
1324	0.0000001370	0.0000054338
1325	0.0000001368	0.0000054268
1326	0.0000001366	0.0000054196
1327	0.0000001363	0.0000054127
1328	0.0000001361	0.0000054056
1329	0.0000001358	0.0000053985
1330	0.0000001356	0.0000053915
1331	0.0000001354	0.0000053844
1332	0.0000001351	0.0000053772
1333	0.0000001349	0.0000053703
1334	0.0000001346	0.0000053632
1335	0.0000001344	0.0000053561
1336	0.0000001342	0.0000053492
1337	0.0000001339	0.0000053422
1338	0.0000001337	0.0000053351
1339	0.0000001335	0.0000053282
1340	0.0000001332	0.0000053213
1341	0.0000001330	0.0000053143
1342	0.0000001327	0.0000053074
1343	0.0000001325	0.0000053006
1344	0.0000001323	0.0000052936
1345	0.0000001320	0.0000052868
1346	0.0000001318	0.0000052798
1347	0.0000001316	0.0000052728
1348	0.0000001313	0.0000052659
1349	0.0000001311	0.0000052592
1350	0.0000001309	0.0000052522
1351	0.0000001306	0.0000052452
1352	0.0000001304	0.0000052384
1353	0.0000001301	0.0000052316
1354	0.0000001299	0.0000052248
1355	0.0000001297	0.0000052179
1356	0.0000001294	0.0000052113
1357	0.0000001292	0.0000052044
1358	0.0000001290	0.0000051974
1359	0.0000001287	0.0000051906
1360	0.0000001285	0.0000051839
1361	0.0000001283	0.0000051771
1362	0.0000001280	0.0000051703
1363	0.0000001278	0.0000051637
1364	0.0000001276	0.0000051570
1365	0.0000001273	0.0000051501
1366	0.0000001271	0.0000051433
1367	0.0000001269	0.0000051366
1368	0.0000001267	0.0000051300
1369	0.0000001264	0.0000051233
1370	0.0000001262	0.0000051166
1371	0.0000001260	0.0000051100
1372	0.0000001257	0.0000051032
1373	0.0000001255	0.0000050965
1374	0.0000001253	0.0000050898
1375	0.0000001250	0.0000050831
1376	0.0000001248	0.0000050764
1377	0.0000001246	0.0000050699
1378	0.0000001244	0.0000050631
1379	0.0000001241	0.0000050565
1380	0.0000001239	0.0000050498
1381	0.0000001237	0.0000050434
1382	0.0000001234	0.0000050368
1383	0.0000001232	0.0000050302
1384	0.0000001230	0.0000050236
1385	0.0000001228	0.0000050169
1386	0.0000001225	0.0000050104
1387	0.0000001223	0.0000050039
1388	0.0000001221	0.0000049974
1389	0.0000001218	0.0000049907
1390	0.0000001216	0.0000049839
1391	0.0000001214	0.0000049776
1392	0.0000001212	0.0000049712
1393	0.0000001209	0.0000049646
1394	0.0000001207	0.0000049581
1395	0.0000001205	0.0000049517
1396	0.0000001203	0.0000049452
1397	0.0000001200	0.0000049386
1398	0.0000001198	0.0000049321
1399	0.0000001196	0.0000049257
1400	0.0000001194	0.0000049192
1401	0.0000001191	0.0000049127
1402	0.0000001189	0.0000049063
1403	0.0000001187	0.0000048998
1404	0.0000001185	0.0000048935
1405	0.0000001183	0.0000048871
1406	0.0000001180	0.0000048808
1407	0.0000001178	0.0000048743
1408	0.0000001176	0.0000048680
1409	0.0000001174	0.0000048616
1410	0.0000001171	0.0000048550
1411	0.0000001169	0.0000048487
1412	0.0000001167	0.0000048423
1413	0.0000001165	0.0000048360
1414	0.0000001163	0.0000048297
1415	0.0000001160	0.0000048233
1416	0.0000001158	0.0000048170
1417	0.0000001156	0.0000048106
1418	0.0000001154	0.0000048043
1419	0.0000001152	0.0000047979
1420	0.0000001149	0.0000047916
1421	0.0000001147	0.0000047853
1422	0.0000001145	0.0000047790
1423	0.0000001143	0.0000047726
1424	0.0000001141	0.0000047664
1425	0.0000001138	0.0000047603
1426	0.0000001136	0.0000047540
1427	0.0000001134	0.0000047478
1428	0.0000001132	0.0000047415
1429	0.0000001130	0.0000047353
1430	0.0000001128	0.0000047290
1431	0.0000001125	0.0000047230
1432	0.0000001123	0.0000047167
1433	0.0000001121	0.0000047104
1434	0.0000001119	0.0000047041
1435	0.0000001117	0.0000046981
1436	0.0000001115	0.0000046916
1437	0.0000001112	0.0000046855
1438	0.0000001110	0.0000046792
1439	0.0000001108	0.0000046732
1440	0.0000001106	0.0000046671
1441	0.0000001104	0.0000046609
1442	0.0000001102	0.0000046547
1443	0.0000001100	0.0000046487
1444	0.0000001097	0.0000046425
1445	0.0000001095	0.0000046364
1446	0.0000001093	0.0000046304
1447	0.0000001091	0.0000046241
1448	0.0000001089	0.0000046181
1449	0.0000001087	0.0000046120
1450	0.0000001085	0.0000046058
1451	0.0000001083	0.0000045998
1452	0.0000001080	0.0000045936
1453	0.0000001078	0.0000045876
1454	0.0000001076	0.0000045816
1455	0.0000001074	0.0000045755
1456	0.0000001072	0.0000045695
1457	0.0000001070	0.0000045635
1458	0.0000001068	0.0000045575
1459	0.0000001066	0.0000045513
1460	0.0000001064	0.0000045451
1461	0.0000001061	0.0000045393
1462	0.0000001059	0.0000045334
1463	0.0000001057	0.0000045272
1464	0.0000001055	0.0000045212
1465	0.0000001053	0.0000045154
1466	0.0000001051	0.0000045095
1467	0.0000001049	0.0000045035
1468	0.0000001047	0.0000044975
1469	0.0000001045	0.0000044915
1470	0.0000001043	0.0000044854
1471	0.0000001041	0.0000044796
1472	0.0000001038	0.0000044737
1473	0.0000001036	0.0000044676
1474	0.0000001034	0.0000044617
1475	0.0000001032	0.0000044558
1476	0.0000001030	0.0000044499
1477	0.0000001028	0.0000044440
1478	0.0000001026	0.0000044381
1479	0.0000001024	0.0000044322
1480	0.0000001022	0.0000044264
1481	0.0000001020	0.0000044206
1482	0.0000001018	0.0000044147
1483	0.0000001016	0.0000044088
1484	0.0000001014	0.0000044030
1485	0.0000001012	0.0000043972
1486	0.0000001010	0.0000043913
1487	0.0000001008	0.0000043854
1488	0.0000001006	0.0000043795
1489	0.0000001004	0.0000043736
1490	0.0000001002	0.0000043679
1491	0.0000001000	0.0000043620
1492	0.0000000998	0.0000043563
1493	0.0000000996	0.0000043505
1494	0.0000000994	0.0000043447
1495	0.0000000991	0.0000043389
1496	0.0000000989	0.0000043331
1497	0.0000000987	0.0000043274
1498	0.0000000985	0.0000043217
1499	0.0000000983	0.0000043160
1500	0.0000000981	0.0000043103
1501	0.0000000979	0.0000043044
1502	0.0000000977	0.0000042985
1503	0.0000000975	0.0000042929
1504	0.0000000973	0.0000042872
1505	0.0000000971	0.0000042815
1506	0.0000000969	0.0000042758
1507	0.0000000967	0.0000042702
1508	0.0000000965	0.0000042644
1509	0.0000000963	0.0000042587
1510	0.0000000962	0.0000042530
1511	0.0000000960	0.0000042473
1512	0.0000000958	0.0000042416
1513	0.0000000956	0.0000042358
1514	0.0000000954	0.0000042304
1515	0.0000000952	0.0000042247
1516	0.0000000950	0.0000042190
1517	0.0000000948	0.0000042134
1518	0.0000000946	0.0000042078
1519	0.0000000944	0.0000042021
1520	0.0000000942	0.0000041964
1521	0.0000000940	0.0000041907
1522	0.0000000938	0.0000041852
1523	0.0000000936	0.0000041796
1524	0.0000000934	0.0000041740
1525	0.0000000932	0.0000041686
1526	0.0000000930	0.0000041629
1527	0.0000000928	0.0000041573
1528	0.0000000926	0.0000041518
1529	0.0000000924	0.0000041463
1530	0.0000000922	0.0000041405
1531	0.0000000920	0.0000041351
1532	0.0000000919	0.0000041296
1533	0.0000000917	0.0000041240
1534	0.0000000915	0.0000041185
1535	0.0000000913	0.0000041129
1536	0.0000000911	0.0000041074
1537	0.0000000909	0.0000041017
1538	0.0000000907	0.0000040963
1539	0.0000000905	0.0000040909
1540	0.0000000903	0.0000040853
1541	0.0000000901	0.0000040798
1542	0.0000000899	0.0000040744
1543	0.0000000897	0.0000040689
1544	0.0000000896	0.0000040635
1545	0.0000000894	0.0000040579
1546	0.0000000892	0.0000040524
1547	0.0000000890	0.0000040469
1548	0.0000000888	0.0000040415
1549	0.0000000886	0.0000040360
1550	0.0000000884	0.0000040307
1551	0.0000000882	0.0000040253
1552	0.0000000880	0.0000040198
1553	0.0000000879	0.0000040143
1554	0.0000000877	0.0000040090
1555	0.0000000875	0.0000040037
1556	0.0000000873	0.0000039982
1557	0.0000000871	0.0000039929
1558	0.0000000869	0.0000039875
1559	0.0000000867	0.0000039822
1560	0.0000000866	0.0000039768
1561	0.0000000864	0.0000039710
1562	0.0000000862	0.0000039656
1563	0.0000000860	0.0000039605
1564	0.0000000858	0.0000039552
1565	0.0000000856	0.0000039499
1566	0.0000000854	0.0000039445
1567	0.0000000853	0.0000039392
1568	0.0000000851	0.0000039338
1569	0.0000000849	0.0000039285
1570	0.0000000847	0.0000039232
1571	0.0000000845	0.0000039178
1572	0.0000000843	0.0000039124
1573	0.0000000842	0.0000039072
1574	0.0000000840	0.0000039021
1575	0.0000000838	0.0000038968
1576	0.0000000836	0.0000038915
1577	0.0000000834	0.0000038862
1578	0.0000000832	0.0000038809
1579	0.0000000831	0.0000038758
1580	0.0000000829	0.0000038704
1581	0.0000000827	0.0000038652
1582	0.0000000825	0.0000038600
1583	0.0000000823	0.0000038546
1584	0.0000000822	0.0000038496
1585	0.0000000820	0.0000038443
1586	0.0000000818	0.0000038391
1587	0.0000000816	0.0000038338
1588	0.0000000814	0.0000038286
1589	0.0000000813	0.0000038234
1590	0.0000000811	0.0000038181
1591	0.0000000809	0.0000038129
1592	0.0000000807	0.0000038078
1593	0.0000000806	0.0000038026
1594	0.0000000804	0.0000037975
1595	0.0000000802	0.0000037922
1596	0.0000000800	0.0000037869
1597	0.0000000798	0.0000037818
1598	0.0000000797	0.0000037767
1599	0.0000000795	0.0000037716
1600	0.0000000793	0.0000037666
1601	0.0000000791	0.0000037614
1602	0.0000000790	0.0000037560
1603	0.0000000788	0.0000037510
1604	0.0000000786	0.0000037460
1605	0.0000000784	0.0000037408
1606	0.0000000783	0.0000037358
1607	0.0000000781	0.0000037307
1608	0.0000000779	0.0000037256
1609	0.0000000777	0.0000037204
1610	0.0000000776	0.0000037154
1611	0.0000000774	0.0000037103
1612	0.0000000772	0.0000037051
1613	0.0000000770	0.0000037002
1614	0.0000000769	0.0000036951
1615	0.0000000767	0.0000036901
1616	0.0000000765	0.0000036851
1617	0.0000000764	0.0000036800
1618	0.0000000762	0.0000036748
1619	0.0000000760	0.0000036700
1620	0.0000000758	0.0000036647
1621	0.0000000757	0.0000036598
1622	0.0000000755	0.0000036548
1623	0.0000000753	0.0000036497
1624	0.0000000752	0.0000036448
1625	0.0000000750	0.0000036398
1626	0.0000000748	0.0000036347
1627	0.0000000747	0.0000036299
1628	0.0000000745	0.0000036249
1629	0.0000000743	0.0000036198
1630	0.0000000741	0.0000036148
1631	0.0000000740	0.0000036101
1632	0.0000000738	0.0000036051
1633	0.0000000736	0.0000036001
1634	0.0000000735	0.0000035950
1635	0.0000000733	0.0000035900
1636	0.0000000731	0.0000035850
1637	0.0000000730	0.0000035803
1638	0.0000000728	0.0000035753
1639	0.0000000726	0.0000035704
1640	0.0000000725	0.0000035655
1641	0.0000000723	0.0000035606
1642	0.0000000721	0.0000035558
1643	0.0000000720	0.0000035508
1644	0.0000000718	0.0000035459
1645	0.0000000716	0.0000035410
1646	0.0000000715	0.0000035361
1647	0.0000000713	0.0000035313
1648	0.0000000711	0.0000035264
1649	0.0000000710	0.0000035214
1650	0.0000000708	0.0000035167
1651	0.0000000707	0.0000035117
1652	0.0000000705	0.0000035070
1653	0.0000000703	0.0000035022
1654	0.0000000702	0.0000034973
1655	0.0000000700	0.0000034925
1656	0.0000000698	0.0000034876
1657	0.0000000697	0.0000034827
1658	0.0000000695	0.0000034779
1659	0.0000000694	0.0000034733
1660	0.0000000692	0.0000034685
1661	0.0000000690	0.0000034638
1662	0.0000000689	0.0000034588
1663	0.0000000687	0.0000034539
1664	0.0000000685	0.0000034492
1665	0.0000000684	0.0000034444
1666	0.0000000682	0.0000034395
1667	0.0000000681	0.0000034350
1668	0.0000000679	0.0000034302
1669	0.0000000678	0.0000034254
1670	0.0000000676	0.0000034206
1671	0.0000000674	0.0000034158
1672	0.0000000673	0.0000034112
1673	0.0000000671	0.0000034064
1674	0.0000000670	0.0000034017
1675	0.0000000668	0.0000033971
1676	0.0000000666	0.0000033924
1677	0.0000000665	0.0000033876
1678	0.0000000663	0.0000033829
1679	0.0000000662	0.0000033782
1680	0.0000000660	0.0000033736
1681	0.0000000659	0.0000033688
1682	0.0000000657	0.0000033642
1683	0.0000000655	0.0000033594
1684	0.0000000654	0.0000033547
1685	0.0000000652	0.0000033500
1686	0.0000000651	0.0000033453
1687	0.0000000649	0.0000033406
1688	0.0000000648	0.0000033360
1689	0.0000000646	0.0000033316
1690	0.0000000645	0.0000033267
1691	0.0000000643	0.0000033221
1692	0.0000000642	0.0000033175
1693	0.0000000640	0.0000033128
1694	0.0000000638	0.0000033081
1695	0.0000000637	0.0000033037
1696	0.0000000635	0.0000032994
1697	0.0000000634	0.0000032947
1698	0.0000000632	0.0000032898
1699	0.0000000631	0.0000032852
1700	0.0000000629	0.0000032807
1701	0.0000000628	0.0000032762
1702	0.0000000626	0.0000032713
1703	0.0000000625	0.0000032670
1704	0.0000000623	0.0000032623
1705	0.0000000622	0.0000032579
1706	0.0000000620	0.0000032534
1707	0.0000000619	0.0000032487
1708	0.0000000617	0.0000032441
1709	0.0000000616	0.0000032394
1710	0.0000000614	0.0000032349
1711	0.0000000613	0.0000032304
1712	0.0000000611	0.0000032261
1713	0.0000000610	0.0000032214
1714	0.0000000608	0.0000032170
1715	0.0000000607	0.0000032126
1716	0.0000000605	0.0000032079
1717	0.0000000604	0.0000032035
1718	0.0000000602	0.0000031990
1719	0.0000000601	0.0000031947
1720	0.0000000599	0.0000031901
1721	0.0000000598	0.0000031856
1722	0.0000000597	0.0000031812
1723	0.0000000595	0.0000031766
1724	0.0000000594	0.0000031720
1725	0.0000000592	0.0000031675
1726	0.0000000591	0.0000031631
1727	0.0000000589	0.0000031588
1728	0.0000000588	0.0000031545
1729	0.0000000586	0.0000031499
1730	0.0000000585	0.0000031455
1731	0.0000000583	0.0000031408
1732	0.0000000582	0.0000031367
1733	0.0000000581	0.0000031322
1734	0.0000000579	0.0000031277
1735	0.0000000578	0.0000031234
1736	0.0000000576	0.0000031191
1737	0.0000000575	0.0000031147
1738	0.0000000573	0.0000031102
1739	0.0000000572	0.0000031057
1740	0.0000000571	0.0000031012
1741	0.0000000569	0.0000030971
1742	0.0000000568	0.0000030927
1743	0.0000000566	0.0000030884
1744	0.0000000565	0.0000030841
1745	0.0000000564	0.0000030796
1746	0.0000000562	0.0000030754
1747	0.0000000561	0.0000030711
1748	0.0000000559	0.0000030666
1749	0.0000000558	0.0000030623
1750	0.0000000557	0.0000030580
1751	0.0000000555	0.0000030539
1752	0.0000000554	0.0000030492
1753	0.0000000552	0.0000030448
1754	0.0000000551	0.0000030406
1755	0.0000000550	0.0000030365
1756	0.0000000548	0.0000030323
1757	0.0000000547	0.0000030278
1758	0.0000000545	0.0000030234
1759	0.0000000544	0.0000030191
1760	0.0000000543	0.0000030148
1761	0.0000000541	0.0000030106
1762	0.0000000540	0.0000030065
1763	0.0000000539	0.0000030022
1764	0.0000000537	0.0000029980
1765	0.0000000536	0.0000029939
1766	0.0000000535	0.0000029894
1767	0.0000000533	0.0000029851
1768	0.0000000532	0.0000029809
1769	0.0000000530	0.0000029766
1770	0.0000000529	0.0000029724
1771	0.0000000528	0.0000029683
1772	0.0000000526	0.0000029641
1773	0.0000000525	0.0000029599
1774	0.0000000524	0.0000029558
1775	0.0000000522	0.0000029514
1776	0.0000000521	0.0000029473
1777	0.0000000520	0.0000029430
1778	0.0000000518	0.0000029389
1779	0.0000000517	0.0000029349
1780	0.0000000516	0.0000029308
1781	0.0000000514	0.0000029263
1782	0.0000000513	0.0000029220
1783	0.0000000512	0.0000029180
1784	0.0000000510	0.0000029140
1785	0.0000000509	0.0000029097
1786	0.0000000508	0.0000029056
1787	0.0000000507	0.0000029015
1788	0.0000000505	0.0000028974
1789	0.0000000504	0.0000028933
1790	0.0000000503	0.0000028894
1791	0.0000000501	0.0000028849
1792	0.0000000500	0.0000028807
1793	0.0000000499	0.0000028766
1794	0.0000000497	0.0000028726
1795	0.0000000496	0.0000028686
1796	0.0000000495	0.0000028645
1797	0.0000000494	0.0000028604
1798	0.0000000492	0.0000028562
1799	0.0000000491	0.0000028521
1800	0.0000000490	0.0000028482
1801	0.0000000488	0.0000028443
1802	0.0000000487	0.0000028401
1803	0.0000000486	0.0000028359
1804	0.0000000485	0.0000028319
1805	0.0000000483	0.0000028279
1806	0.0000000482	0.0000028237
1807	0.0000000481	0.0000028197
1808	0.0000000480	0.0000028155
1809	0.0000000478	0.0000028115
1810	0.0000000477	0.0000028076
1811	0.0000000476	0.0000028038
1812	0.0000000475	0.0000027997
1813	0.0000000473	0.0000027956
1814	0.0000000472	0.0000027916
1815	0.0000000471	0.0000027879
1816	0.0000000470	0.0000027839
1817	0.0000000468	0.0000027799
1818	0.0000000467	0.0000027757
1819	0.0000000466	0.0000027716
1820	0.0000000465	0.0000027678
1821	0.0000000463	0.0000027638
1822	0.0000000462	0.0000027597
1823	0.0000000461	0.0000027557
1824	0.0000000460	0.0000027520
1825	0.0000000459	0.0000027480
1826	0.0000000457	0.0000027438
1827	0.0000000456	0.0000027401
1828	0.0000000455	0.0000027361
1829	0.0000000454	0.0000027322
1830	0.0000000453	0.0000027282
1831	0.0000000451	0.0000027243
1832	0.0000000450	0.0000027203
1833	0.0000000449	0.0000027165
1834	0.0000000448	0.0000027126
1835	0.0000000447	0.0000027088
1836	0.0000000445	0.0000027049
1837	0.0000000444	0.0000027011
1838	0.0000000443	0.0000026971
1839	0.0000000442	0.0000026933
1840	0.0000000441	0.0000026894
1841	0.0000000439	0.0000026855
1842	0.0000000438	0.0000026814
1843	0.0000000437	0.0000026776
1844	0.0000000436	0.0000026739
1845	0.0000000435	0.0000026701
1846	0.0000000434	0.0000026663
1847	0.0000000432	0.0000026623
1848	0.0000000431	0.0000026583
1849	0.0000000430	0.0000026543
1850	0.0000000429	0.0000026507
1851	0.0000000428	0.0000026470
1852	0.0000000427	0.0000026432
1853	0.0000000425	0.0000026392
1854	0.0000000424	0.0000026356
1855	0.0000000423	0.0000026319
1856	0.0000000422	0.0000026281
1857	0.0000000421	0.0000026241
1858	0.0000000420	0.0000026204
1859	0.0000000419	0.0000026168
1860	0.0000000417	0.0000026131
1861	0.0000000416	0.0000026092
1862	0.0000000415	0.0000026053
1863	0.0000000414	0.0000026014
1864	0.0000000413	0.0000025977
1865	0.0000000412	0.0000025940
1866	0.0000000411	0.0000025903
1867	0.0000000410	0.0000025865
1868	0.0000000408	0.0000025827
1869	0.0000000407	0.0000025790
1870	0.0000000406	0.0000025752
1871	0.0000000405	0.0000025716
1872	0.0000000404	0.0000025677
1873	0.0000000403	0.0000025642
1874	0.0000000402	0.0000025604
1875	0.0000000401	0.0000025568
1876	0.0000000400	0.0000025532
1877	0.0000000399	0.0000025494
1878	0.0000000397	0.0000025457
1879	0.0000000396	0.0000025420
1880	0.0000000395	0.0000025382
1881	0.0000000394	0.0000025346
1882	0.0000000393	0.0000025308
1883	0.0000000392	0.0000025270
1884	0.0000000391	0.0000025236
1885	0.0000000390	0.0000025202
1886	0.0000000389	0.0000025164
1887	0.0000000388	0.0000025127
1888	0.0000000387	0.0000025091
1889	0.0000000386	0.0000025054
1890	0.0000000384	0.0000025015
1891	0.0000000383	0.0000024977
1892	0.0000000382	0.0000024943
1893	0.0000000381	0.0000024909
1894	0.0000000380	0.0000024873
1895	0.0000000379	0.0000024838
1896	0.0000000378	0.0000024801
1897	0.0000000377	0.0000024763
1898	0.0000000376	0.0000024726
1899	0.0000000375	0.0000024690
1900	0.0000000374	0.0000024656
1901	0.0000000373	0.0000024621
1902	0.0000000372	0.0000024584
1903	0.0000000371	0.0000024551
1904	0.0000000370	0.0000024518
1905	0.0000000369	0.0000024480
1906	0.0000000368	0.0000024442
1907	0.0000000367	0.0000024406
1908	0.0000000366	0.0000024371
1909	0.0000000365	0.0000024336
1910	0.0000000364	0.0000024302
1911	0.0000000363	0.0000024266
1912	0.0000000362	0.0000024230
1913	0.0000000361	0.0000024196
1914	0.0000000360	0.0000024159
1915	0.0000000359	0.0000024124
1916	0.0000000358	0.0000024089
1917	0.0000000357	0.0000024053
1918	0.0000000356	0.0000024020
1919	0.0000000355	0.0000023985
1920	0.0000000354	0.0000023949
1921	0.0000000353	0.0000023912
1922	0.0000000352	0.0000023879
1923	0.0000000351	0.0000023844
1924	0.0000000350	0.0000023809
1925	0.0000000349	0.0000023776
1926	0.0000000348	0.0000023741
1927	0.0000000347	0.0000023708
1928	0.0000000346	0.0000023672
1929	0.0000000345	0.0000023637
1930	0.0000000344	0.0000023603
1931	0.0000000343	0.0000023566
1932	0.0000000342	0.0000023533
1933	0.0000000341	0.0000023498
1934	0.0000000340	0.0000023464
1935	0.0000000339	0.0000023430
1936	0.0000000338	0.0000023398
1937	0.0000000337	0.0000023365
1938	0.0000000336	0.0000023329
1939	0.0000000335	0.0000023296
1940	0.0000000334	0.0000023262
1941	0.0000000333	0.0000023226
1942	0.0000000332	0.0000023193
1943	0.0000000331	0.0000023158
1944	0.0000000330	0.0000023125
1945	0.0000000329	0.0000023091
1946	0.0000000329	0.0000023056
1947	0.0000000328	0.0000023022
1948	0.0000000327	0.0000022988
1949	0.0000000326	0.0000022954
1950	0.0000000325	0.0000022922
1951	0.0000000324	0.0000022889
1952	0.0000000323	0.0000022855
1953	0.0000000322	0.0000022822
1954	0.0000000321	0.0000022789
1955	0.0000000320	0.0000022757
1956	0.0000000319	0.0000022723
1957	0.0000000318	0.0000022691
1958	0.0000000317	0.0000022656
1959	0.0000000317	0.0000022622
1960	0.0000000316	0.0000022589
1961	0.0000000315	0.0000022557
1962	0.0000000314	0.0000022523
1963	0.0000000313	0.0000022490
1964	0.0000000312	0.0000022459
1965	0.0000000311	0.0000022426
1966	0.0000000310	0.0000022393
1967	0.0000000309	0.0000022362
1968	0.0000000309	0.0000022328
1969	0.0000000308	0.0000022296
1970	0.0000000307	0.0000022262
1971	0.0000000306	0.0000022229
1972	0.0000000305	0.0000022196
1973	0.0000000304	0.0000022162
1974	0.0000000303	0.0000022130
1975	0.0000000302	0.0000022099
1976	0.0000000302	0.0000022067
1977	0.0000000301	0.0000022035
1978	0.0000000300	0.0000022002
1979	0.0000000299	0.0000021969
1980	0.0000000298	0.0000021937
1981	0.0000000297	0.0000021903
1982	0.0000000296	0.0000021870
1983	0.0000000296	0.0000021839
1984	0.0000000295	0.0000021808
1985	0.0000000294	0.0000021778
1986	0.0000000293	0.0000021747
1987	0.0000000292	0.0000021715
1988	0.0000000291	0.0000021684
1989	0.0000000291	0.0000021647
1990	0.0000000290	0.0000021616
1991	0.0000000289	0.0000021586
1992	0.0000000288	0.0000021556
1993	0.0000000287	0.0000021523
1994	0.0000000286	0.0000021492
1995	0.0000000286	0.0000021461
1996	0.0000000285	0.0000021428
1997	0.0000000284	0.0000021395
1998	0.0000000283	0.0000021364
1999	0.0000000282	0.0000021332
2000	0.0000000281	0.0000021300
2001	0.0000000281	0.0000021271
2002	0.0000000280	0.0000021243
2003	0.0000000279	0.0000021209
2004	0.0000000278	0.0000021178
2005	0.0000000277	0.0000021147
2006	0.0000000277	0.0000021116
2007	0.0000000276	0.0000021086
2008	0.0000000275	0.0000021056
2009	0.0000000274	0.0000021023
2010	0.0000000274	0.0000020992
2011	0.0000000273	0.0000020961
2012	0.0000000272	0.0000020930
2013	0.0000000271	0.0000020899
2014	0.0000000270	0.0000020868
2015	0.0000000270	0.0000020838
2016	0.0000000269	0.0000020806
2017	0.0000000268	0.0000020776
2018	0.0000000267	0.0000020747
2019	0.0000000267	0.0000020717
2020	0.0000000266	0.0000020686
2021	0.0000000265	0.0000020656
2022	0.0000000264	0.0000020627
2023	0.0000000264	0.0000020596
2024	0.0000000263	0.0000020565
2025	0.0000000262	0.0000020534
2026	0.0000000261	0.0000020503
2027	0.0000000261	0.0000020474
2028	0.0000000260	0.0000020441
2029	0.0000000259	0.0000020413
2030	0.0000000258	0.0000020386
2031	0.0000000258	0.0000020354
2032	0.0000000257	0.0000020322
2033	0.0000000256	0.0000020295
2034	0.0000000255	0.0000020263
2035	0.0000000255	0.0000020236
2036	0.0000000254	0.0000020208
2037	0.0000000253	0.0000020178
2038	0.0000000252	0.0000020148
2039	0.0000000252	0.0000020117
2040	0.0000000251	0.0000020088
2041	0.0000000250	0.0000020056
2042	0.0000000250	0.0000020028
2043	0.0000000249	0.0000019995
2044	0.0000000248	0.0000019967
2045	0.0000000248	0.0000019940
2046	0.0000000247	0.0000019912
2047	0.0000000246	0.0000019883
2048	0.0000000245	0.0000019853
2049	0.0000000245	0.0000019823
2050	0.0000000244	0.0000019793
2051	0.0000000243	0.0000019764
2052	0.0000000243	0.0000019736
2053	0.0000000242	0.0000019707
2054	0.0000000241	0.0000019677
2055	0.0000000241	0.0000019647
2056	0.0000000240	0.0000019619
2057	0.0000000239	0.0000019588
2058	0.0000000239	0.0000019558
2059	0.0000000238	0.0000019531
2060	0.0000000237	0.0000019503
2061	0.0000000237	0.0000019475
2062	0.0000000236	0.0000019447
2063	0.0000000235	0.0000019418
2064	0.0000000235	0.0000019388
2065	0.0000000234	0.0000019361
2066	0.0000000233	0.0000019334
2067	0.0000000233	0.0000019305
2068	0.0000000232	0.0000019279
2069	0.0000000231	0.0000019250
2070	0.0000000231	0.0000019220
2071	0.0000000230	0.0000019191
2072	0.0000000229	0.0000019159
2073	0.0000000229	0.0000019132
2074	0.0000000228	0.0000019103
2075	0.0000000228	0.0000019076
2076	0.0000000227	0.0000019048
2077	0.0000000226	0.0000019023
2078	0.0000000226	0.0000018993
2079	0.0000000225	0.0000018968
2080	0.0000000224	0.0000018941
2081	0.0000000224	0.0000018911
2082	0.0000000223	0.0000018882
2083	0.0000000223	0.0000018852
2084	0.0000000222	0.0000018827
2085	0.0000000221	0.0000018801
2086	0.0000000221	0.0000018772
2087	0.0000000220	0.0000018744
2088	0.0000000220	0.0000018716
2089	0.0000000219	0.0000018687
2090	0.0000000218	0.0000018661
2091	0.0000000218	0.0000018633
2092	0.0000000217	0.0000018606
2093	0.0000000217	0.0000018580
2094	0.0000000216	0.0000018551
2095	0.0000000215	0.0000018525
2096	0.0000000215	0.0000018497
2097	0.0000000214	0.0000018470
2098	0.0000000214	0.0000018443
2099	0.0000000213	0.0000018416
2100	0.0000000213	0.0000018389
2101	0.0000000212	0.0000018363
2102	0.0000000211	0.0000018335
2103	0.0000000211	0.0000018308
2104	0.0000000210	0.0000018282
2105	0.0000000210	0.0000018254
2106	0.0000000209	0.0000018229
2107	0.0000000209	0.0000018199
2108	0.0000000208	0.0000018173
2109	0.0000000208	0.0000018144
2110	0.0000000207	0.0000018120
2111	0.0000000206	0.0000018094
2112	0.0000000206	0.0000018066
2113	0.0000000205	0.0000018037
2114	0.0000000205	0.0000018011
2115	0.0000000204	0.0000017989
2116	0.0000000204	0.0000017963
2117	0.0000000203	0.0000017935
2118	0.0000000203	0.0000017909
2119	0.0000000202	0.0000017881
2120	0.0000000202	0.0000017856
2121	0.0000000201	0.0000017831
2122	0.0000000201	0.0000017804
2123	0.0000000200	0.0000017778
2124	0.0000000200	0.0000017752
2125	0.0000000199	0.0000017726
2126	0.0000000199	0.0000017700
2127	0.0000000198	0.0000017674
2128	0.0000000198	0.0000017646
2129	0.0000000197	0.0000017620
2130	0.0000000197	0.0000017595
2131	0.0000000196	0.0000017570
2132	0.0000000196	0.0000017544
2133	0.0000000195	0.0000017517
2134	0.0000000195	0.0000017492
2135	0.0000000194	0.0000017468
2136	0.0000000194	0.0000017441
2137	0.0000000193	0.0000017415
2138	0.0000000193	0.0000017389
2139	0.0000000192	0.0000017364
2140	0.0000000192	0.0000017335
2141	0.0000000191	0.0000017311
2142	0.0000000191	0.0000017289
2143	0.0000000190	0.0000017262
2144	0.0000000190	0.0000017239
2145	0.0000000189	0.0000017214
2146	0.0000000189	0.0000017188
2147	0.0000000188	0.0000017161
2148	0.0000000188	0.0000017137
2149	0.0000000188	0.0000017110
2150	0.0000000187	0.0000017084
2151	0.0000000187	0.0000017058
2152	0.0000000186	0.0000017037
2153	0.0000000186	0.0000017010
2154	0.0000000185	0.0000016987
2155	0.0000000185	0.0000016961
2156	0.0000000184	0.0000016939
2157	0.0000000184	0.0000016913
2158	0.0000000184	0.0000016885
2159	0.0000000183	0.0000016860
2160	0.0000000183	0.0000016835
2161	0.0000000182	0.0000016813
2162	0.0000000182	0.0000016790
2163	0.0000000182	0.0000016763
2164	0.0000000181	0.0000016741
2165	0.0000000181	0.0000016715
2166	0.0000000180	0.0000016690
2167	0.0000000180	0.0000016666
2168	0.0000000179	0.0000016641
2169	0.0000000179	0.0000016615
2170	0.0000000179	0.0000016593
2171	0.0000000178	0.0000016570
2172	0.0000000178	0.0000016547
2173	0.0000000177	0.0000016522
2174	0.0000000177	0.0000016497
2175	0.0000000177	0.0000016473
2176	0.0000000176	0.0000016447
2177	0.0000000176	0.0000016420
2178	0.0000000176	0.0000016396
2179	0.0000000175	0.0000016376
2180	0.0000000175	0.0000016353
2181	0.0000000174	0.0000016328
2182	0.0000000174	0.0000016305
2183	0.0000000174	0.0000016281
2184	0.0000000173	0.0000016255
2185	0.0000000173	0.0000016232
2186	0.0000000173	0.0000016208
2187	0.0000000172	0.0000016184
2188	0.0000000172	0.0000016159
2189	0.0000000172	0.0000016136
2190	0.0000000171	0.0000016114
2191	0.0000000171	0.0000016091
2192	0.0000000170	0.0000016069
2193	0.0000000170	0.0000016043
2194	0.0000000170	0.0000016020
2195	0.0000000169	0.0000015997
2196	0.0000000169	0.0000015974
2197	0.0000000169	0.0000015951
2198	0.0000000168	0.0000015925
2199	0.0000000168	0.0000015902
2200	0.0000000168	0.0000015880
2201	0.0000000167	0.0000015858
2202	0.0000000167	0.0000015835
2203	0.0000000167	0.0000015811
2204	0.0000000166	0.0000015789
2205	0.0000000166	0.0000015764
2206	0.0000000166	0.0000015742
2207	0.0000000166	0.0000015719
2208	0.0000000165	0.0000015697
2209	0.0000000165	0.0000015672
2210	0.0000000165	0.0000015647
2211	0.0000000164	0.0000015624
2212	0.0000000164	0.0000015604
2213	0.0000000164	0.0000015582
2214	0.0000000163	0.0000015560
2215	0.0000000163	0.0000015537
2216	0.0000000163	0.0000015512
2217	0.0000000163	0.0000015491
2218	0.0000000162	0.0000015469
2219	0.0000000162	0.0000015448
2220	0.0000000162	0.0000015425
2221	0.0000000161	0.0000015400
2222	0.0000000161	0.0000015376
2223	0.0000000161	0.0000015353
2224	0.0000000161	0.0000015333
2225	0.0000000160	0.0000015313
2226	0.0000000160	0.0000015291
2227	0.0000000160	0.0000015269
2228	0.0000000160	0.0000015243
2229	0.0000000159	0.0000015223
2230	0.0000000159	0.0000015201
2231	0.0000000159	0.0000015177
2232	0.0000000158	0.0000015156
2233	0.0000000158	0.0000015134
2234	0.0000000158	0.0000015113
2235	0.0000000158	0.0000015090
2236	0.0000000157	0.0000015069
2237	0.0000000157	0.0000015047
2238	0.0000000157	0.0000015024
2239	0.0000000157	0.0000015002
2240	0.0000000157	0.0000014981
2241	0.0000000156	0.0000014960
2242	0.0000000156	0.0000014940
2243	0.0000000156	0.0000014918
2244	0.0000000156	0.0000014895
2245	0.0000000155	0.0000014874
2246	0.0000000155	0.0000014852
2247	0.0000000155	0.0000014830
2248	0.0000000155	0.0000014808
2249	0.0000000155	0.0000014787
2250	0.0000000154	0.0000014767
2251	0.0000000154	0.0000014744
2252	0.0000000154	0.0000014720
2253	0.0000000154	0.0000014701
2254	0.0000000153	0.0000014680
2255	0.0000000153	0.0000014661
2256	0.0000000153	0.0000014640
2257	0.0000000153	0.0000014619
2258	0.0000000153	0.0000014596
2259	0.0000000152	0.0000014575
2260	0.0000000152	0.0000014554
2261	0.0000000152	0.0000014530
2262	0.0000000152	0.0000014509
2263	0.0000000152	0.0000014490
2264	0.0000000152	0.0000014470
2265	0.0000000151	0.0000014450
2266	0.0000000151	0.0000014429
2267	0.0000000151	0.0000014407
2268	0.0000000151	0.0000014387
2269	0.0000000151	0.0000014366
2270	0.0000000150	0.0000014345
2271	0.0000000150	0.0000014323
2272	0.0000000150	0.0000014303
2273	0.0000000150	0.0000014281
2274	0.0000000150	0.0000014261
2275	0.0000000150	0.0000014242
2276	0.0000000149	0.0000014222
2277	0.0000000149	0.0000014201
2278	0.0000000149	0.0000014184
2279	0.0000000149	0.0000014163
2280	0.0000000149	0.0000014142
2281	0.0000000149	0.0000014120
2282	0.0000000149	0.0000014099
2283	0.0000000148	0.0000014079
2284	0.0000000148	0.0000014059
2285	0.0000000148	0.0000014039
2286	0.0000000148	0.0000014020
2287	0.0000000148	0.0000014000
2288	0.0000000148	0.0000013976
2289	0.0000000148	0.0000013954
2290	0.0000000147	0.0000013936
2291	0.0000000147	0.0000013918
2292	0.0000000147	0.0000013898
2293	0.0000000147	0.0000013876
2294	0.0000000147	0.0000013856
2295	0.0000000147	0.0000013837
2296	0.0000000147	0.0000013819
2297	0.0000000147	0.0000013799
2298	0.0000000146	0.0000013779
2299	0.0000000146	0.0000013759
2300	0.0000000146	0.0000013739
2301	0.0000000146	0.0000013720
2302	0.0000000146	0.0000013699
2303	0.0000000146	0.0000013678
2304	0.0000000146	0.0000013661
2305	0.0000000146	0.0000013640
2306	0.0000000146	0.0000013623
2307	0.0000000145	0.0000013603
2308	0.0000000145	0.0000013581
2309	0.0000000145	0.0000013562
2310	0.0000000145	0.0000013544
2311	0.0000000145	0.0000013525
2312	0.0000000145	0.0000013505
2313	0.0000000145	0.0000013489
2314	0.0000000145	0.0000013469
2315	0.0000000145	0.0000013449
2316	0.0000000145	0.0000013429
2317	0.0000000144	0.0000013407
2318	0.0000000144	0.0000013389
2319	0.0000000144	0.0000013368
2320	0.0000000144	0.0000013352
2321	0.0000000144	0.0000013333
2322	0.0000000144	0.0000013314
2323	0.0000000144	0.0000013295
2324	0.0000000144	0.0000013275
2325	0.0000000144	0.0000013257
2326	0.0000000144	0.0000013237
2327	0.0000000144	0.0000013218
2328	0.0000000144	0.0000013198
2329	0.0000000144	0.0000013180
2330	0.0000000143	0.0000013162
2331	0.0000000143	0.0000013146
2332	0.0000000143	0.0000013128
2333	0.0000000143	0.0000013108
2334	0.0000000143	0.0000013088
2335	0.0000000143	0.0000013067
2336	0.0000000143	0.0000013049
2337	0.0000000143	0.0000013033
2338	0.0000000143	0.0000013014
2339	0.0000000143	0.0000012994
2340	0.0000000143	0.0000012977
2341	0.0000000143	0.0000012961
2342	0.0000000143	0.0000012941
2343	0.0000000143	0.0000012919
2344	0.0000000143	0.0000012903
2345	0.0000000143	0.0000012886
2346	0.0000000143	0.0000012867
2347	0.0000000143	0.0000012848
2348	0.0000000143	0.0000012831
2349	0.0000000142	0.0000012809
2350	0.0000000142	0.0000012792
2351	0.0000000142	0.0000012778
2352	0.0000000142	0.0000012759
2353	0.0000000142	0.0000012739
2354	0.0000000142	0.0000012720
2355	0.0000000142	0.0000012704
2356	0.0000000142	0.0000012685
2357	0.0000000142	0.0000012669
2358	0.0000000142	0.0000012653
2359	0.0000000142	0.0000012632
2360	0.0000000142	0.0000012616
2361	0.0000000142	0.0000012599
2362	0.0000000142	0.0000012579
2363	0.0000000142	0.0000012562
2364	0.0000000142	0.0000012543
2365	0.0000000142	0.0000012525
2366	0.0000000142	0.0000012510
2367	0.0000000142	0.0000012494
2368	0.0000000142	0.0000012475
2369	0.0000000142	0.0000012456
2370	0.0000000142	0.0000012440
2371	0.0000000142	0.0000012423
2372	0.0000000142	0.0000012408
2373	0.0000000142	0.0000012386
2374	0.0000000142	0.0000012367
2375	0.0000000142	0.0000012350
2376	0.0000000142	0.0000012338
2377	0.0000000142	0.0000012319
2378	0.0000000142	0.0000012300
2379	0.0000000142	0.0000012281
2380	0.0000000142	0.0000012261
2381	0.0000000142	0.0000012246
2382	0.0000000142	0.0000012232
2383	0.0000000142	0.0000012214
2384	0.0000000142	0.0000012196
2385	0.0000000142	0.0000012178
2386	0.0000000142	0.0000012161
2387	0.0000000142	0.0000012144
2388	0.0000000142	0.0000012128
2389	0.0000000142	0.0000012112
2390	0.0000000142	0.0000012095
2391	0.0000000142	0.0000012080
2392	0.0000000142	0.0000012062
2393	0.0000000142	0.0000012047
2394	0.0000000142	0.0000012028
2395	0.0000000142	0.0000012009
2396	0.0000000142	0.0000011991
2397	0.0000000142	0.0000011976
2398	0.0000000142	0.0000011961
2399	0.0000000142	0.0000011944
2400	0.0000000142	0.0000011928
2401	0.0000000142	0.0000011910
2402	0.0000000142	0.0000011896
2403	0.0000000142	0.0000011881
2404	0.0000000142	0.0000011862
2405	0.0000000142	0.0000011842
2406	0.0000000142	0.0000011828
2407	0.0000000142	0.0000011809
2408	0.0000000142	0.0000011795
2409	0.0000000142	0.0000011779
2410	0.0000000142	0.0000011761
2411	0.0000000142	0.0000011747
2412	0.0000000142	0.0000011729
2413	0.0000000142	0.0000011713
2414	0.0000000142	0.0000011699
2415	0.0000000142	0.0000011681
2416	0.0000000142	0.0000011664
2417	0.0000000142	0.0000011648
2418	0.0000000142	0.0000011630
2419	0.0000000143	0.0000011615
2420	0.0000000143	0.0000011603
2421	0.0000000143	0.0000011590
2422	0.0000000143	0.0000011570
2423	0.0000000143	0.0000011552
2424	0.0000000143	0.0000011537
2425	0.0000000143	0.0000011521
2426	0.0000000143	0.0000011503
2427	0.0000000143	0.0000011487
2428	0.0000000143	0.0000011474
2429	0.0000000143	0.0000011457
2430	0.0000000143	0.0000011440
2431	0.0000000143	0.0000011425
2432	0.0000000143	0.0000011410
2433	0.0000000143	0.0000011396
2434	0.0000000143	0.0000011378
2435	0.0000000143	0.0000011364
2436	0.0000000143	0.0000011346
2437	0.0000000143	0.0000011330
2438	0.0000000143	0.0000011317
2439	0.0000000143	0.0000011302
2440	0.0000000143	0.0000011287
2441	0.0000000143	0.0000011270
2442	0.0000000143	0.0000011253
2443	0.0000000143	0.0000011238
2444	0.0000000144	0.0000011227
2445	0.0000000144	0.0000011208
2446	0.0000000144	0.0000011190
2447	0.0000000144	0.0000011177
2448	0.0000000144	0.0000011162
2449	0.0000000144	0.0000011149
2450	0.0000000144	0.0000011133
2451	0.0000000144	0.0000011118
2452	0.0000000144	0.0000011102
2453	0.0000000144	0.0000011086
2454	0.0000000144	0.0000011070
2455	0.0000000144	0.0000011054
2456	0.0000000144	0.0000011043
2457	0.0000000144	0.0000011030
2458	0.0000000144	0.0000011010
2459	0.0000000144	0.0000010993
2460	0.0000000144	0.0000010980
2461	0.0000000144	0.0000010966
2462	0.0000000144	0.0000010952
2463	0.0000000145	0.0000010937
2464	0.0000000145	0.0000010920
2465	0.0000000145	0.0000010907
2466	0.0000000145	0.0000010894
2467	0.0000000145	0.0000010879
2468	0.0000000145	0.0000010862
2469	0.0000000145	0.0000010847
2470	0.0000000145	0.0000010835
2471	0.0000000145	0.0000010821
2472	0.0000000145	0.0000010805
2473	0.0000000145	0.0000010789
2474	0.0000000145	0.0000010777
2475	0.0000000145	0.0000010760
2476	0.0000000145	0.0000010742
2477	0.0000000145	0.0000010729
2478	0.0000000145	0.0000010716
2479	0.0000000145	0.0000010701
2480	0.0000000146	0.0000010689
2481	0.0000000146	0.0000010672
2482	0.0000000146	0.0000010658
2483	0.0000000146	0.0000010645
2484	0.0000000146	0.0000010632
2485	0.0000000146	0.0000010616
2486	0.0000000146	0.0000010602
2487	0.0000000146	0.0000010591
2488	0.0000000146	0.0000010574
2489	0.0000000146	0.0000010562
2490	0.0000000146	0.0000010547
2491	0.0000000146	0.0000010534
2492	0.0000000146	0.0000010517
2493	0.0000000146	0.0000010505
2494	0.0000000146	0.0000010485
2495	0.0000000147	0.0000010471
2496	0.0000000147	0.0000010457
2497	0.0000000147	0.0000010445
2498	0.0000000147	0.0000010433
2499	0.0000000147	0.0000010417
2500	0.0000000147	0.0000010405
2501	0.0000000147	0.0000010391
2502	0.0000000147	0.0000010380
2503	0.0000000147	0.0000010364
2504	0.0000000147	0.0000010349
2505	0.0000000147	0.0000010335
2506	0.0000000147	0.0000010321
2507	0.0000000147	0.0000010304
2508	0.0000000147	0.0000010290
2509	0.0000000147	0.0000010280
2510	0.0000000148	0.0000010265
2511	0.0000000148	0.0000010250
2512	0.0000000148	0.0000010240
2513	0.0000000148	0.0000010226
2514	0.0000000148	0.0000010211
2515	0.0000000148	0.0000010200
2516	0.0000000148	0.0000010187
2517	0.0000000148	0.0000010172
2518	0.0000000148	0.0000010158
2519	0.0000000148	0.0000010143
2520	0.0000000148	0.0000010131
2521	0.0000000148	0.0000010118
2522	0.0000000148	0.0000010104
2523	0.0000000148	0.0000010093
2524	0.0000000148	0.0000010080
2525	0.0000000149	0.0000010065
2526	0.0000000149	0.0000010051
2527	0.0000000149	0.0000010038
2528	0.0000000149	0.0000010024
2529	0.0000000149	0.0000010012
2530	0.0000000149	0.0000009997
